{
 "cells": [
  {
   "cell_type": "code",
   "execution_count": 8,
   "id": "7f371f64",
   "metadata": {},
   "outputs": [
    {
     "name": "stdout",
     "output_type": "stream",
     "text": [
      "[[8.4230200e+05 0.0000000e+00 1.7990000e+01 1.0380000e+01 1.2280000e+02\n",
      "  1.0010000e+03 1.1840000e-01 2.7760000e-01 3.0010000e-01 1.4710000e-01]\n",
      " [8.4251700e+05 1.0000000e+00 2.0570000e+01 1.7770000e+01 1.3290000e+02\n",
      "  1.3260000e+03 8.4740000e-02 7.8640000e-02 8.6900000e-02 7.0170000e-02]\n",
      " [8.4300903e+07 1.0000000e+00 1.9690000e+01 2.1250000e+01 1.3000000e+02\n",
      "  1.2030000e+03 1.0960000e-01 1.5990000e-01 1.9740000e-01 1.2790000e-01]\n",
      " [8.4348301e+07 0.0000000e+00 1.1420000e+01 2.0380000e+01 7.7580000e+01\n",
      "  3.8610000e+02 1.4250000e-01 2.8390000e-01 2.4140000e-01 1.0520000e-01]\n",
      " [8.4358402e+07 1.0000000e+00 2.0290000e+01 1.4340000e+01 1.3510000e+02\n",
      "  1.2970000e+03 1.0030000e-01 1.3280000e-01 1.9800000e-01 1.0430000e-01]\n",
      " [8.4378600e+05 1.0000000e+00 2.4500000e+00 1.5700000e+01 8.2570000e+01\n",
      "  4.7710000e+02 1.2780000e-01 1.7000000e-01 1.5780000e-01 8.0890000e-02]\n",
      " [8.4435900e+05 1.0000000e+00 1.8250000e+01 1.9980000e+01 1.1960000e+02\n",
      "  1.0400000e+03 9.4630000e-02 1.0900000e-01 1.1270000e-01 7.4000000e-02]\n",
      " [8.4458202e+07 0.0000000e+00 1.3710000e+01 2.0830000e+01 9.0200000e+01\n",
      "  5.7790000e+02 1.1890000e-01 1.6450000e-01 9.3660000e-02 5.9850000e-02]\n",
      " [8.4498100e+05 1.0000000e+00 1.3000000e+01 2.1820000e+01 8.7500000e+01\n",
      "  5.1980000e+02 1.2730000e-01 1.9320000e-01 1.8590000e-01 9.3530000e-02]]\n"
     ]
    }
   ],
   "source": [
    "import numpy as np\n",
    "\n",
    "data = np.genfromtxt(r'C:\\Users\\rgollapudi\\Documents\\python\\sep3\\test.csv', delimiter=',')\n",
    "a = data[~(np.isnan(data).any(axis=1))]\n",
    "\n",
    "print(a)\n"
   ]
  },
  {
   "cell_type": "code",
   "execution_count": 9,
   "id": "7a039a42",
   "metadata": {},
   "outputs": [
    {
     "name": "stdout",
     "output_type": "stream",
     "text": [
      "[[8.4230200e+05 0.0000000e+00 1.7990000e+01 1.0380000e+01 1.2280000e+02\n",
      "  1.0010000e+03 1.1840000e-01 2.7760000e-01 3.0010000e-01 1.4710000e-01]\n",
      " [8.4358402e+07 1.0000000e+00 2.0290000e+01 1.4340000e+01 1.3510000e+02\n",
      "  1.2970000e+03 1.0030000e-01 1.3280000e-01 1.9800000e-01 1.0430000e-01]\n",
      " [8.4378600e+05 1.0000000e+00 2.4500000e+00 1.5700000e+01 8.2570000e+01\n",
      "  4.7710000e+02 1.2780000e-01 1.7000000e-01 1.5780000e-01 8.0890000e-02]\n",
      " [8.4251700e+05 1.0000000e+00 2.0570000e+01 1.7770000e+01 1.3290000e+02\n",
      "  1.3260000e+03 8.4740000e-02 7.8640000e-02 8.6900000e-02 7.0170000e-02]\n",
      " [8.4435900e+05 1.0000000e+00 1.8250000e+01 1.9980000e+01 1.1960000e+02\n",
      "  1.0400000e+03 9.4630000e-02 1.0900000e-01 1.1270000e-01 7.4000000e-02]\n",
      " [8.4348301e+07 0.0000000e+00 1.1420000e+01 2.0380000e+01 7.7580000e+01\n",
      "  3.8610000e+02 1.4250000e-01 2.8390000e-01 2.4140000e-01 1.0520000e-01]\n",
      " [8.4458202e+07 0.0000000e+00 1.3710000e+01 2.0830000e+01 9.0200000e+01\n",
      "  5.7790000e+02 1.1890000e-01 1.6450000e-01 9.3660000e-02 5.9850000e-02]\n",
      " [8.4300903e+07 1.0000000e+00 1.9690000e+01 2.1250000e+01 1.3000000e+02\n",
      "  1.2030000e+03 1.0960000e-01 1.5990000e-01 1.9740000e-01 1.2790000e-01]\n",
      " [8.4498100e+05 1.0000000e+00 1.3000000e+01 2.1820000e+01 8.7500000e+01\n",
      "  5.1980000e+02 1.2730000e-01 1.9320000e-01 1.8590000e-01 9.3530000e-02]\n",
      " [          nan           nan           nan           nan           nan\n",
      "            nan           nan           nan           nan           nan]]\n"
     ]
    }
   ],
   "source": [
    "import numpy as np\n",
    "\n",
    "data = np.genfromtxt(r'C:\\Users\\rgollapudi\\Documents\\python\\sep3\\test.csv', delimiter=\",\")\n",
    "\n",
    "\n",
    "def sort_np_array(x_new, column=None, flip=False):\n",
    "    x_new = x_new[np.argsort(x_new[:, column])]\n",
    "    if flip:\n",
    "        x_new = np.flip(x_new, axis=0)\n",
    "    return x_new\n",
    "\n",
    "\n",
    "# function call to sort the array\n",
    "data = sort_np_array(data, column=3, flip=False)\n",
    "print(data)\n",
    "\n"
   ]
  },
  {
   "cell_type": "code",
   "execution_count": 10,
   "id": "d7e79124",
   "metadata": {},
   "outputs": [
    {
     "name": "stdout",
     "output_type": "stream",
     "text": [
      "[      nan   842302.   842517. 84300903. 84348301. 84358402.   843786.\n",
      "   844359. 84458202.   844981.]\n"
     ]
    }
   ],
   "source": [
    "import numpy as np\n",
    "\n",
    "a = np.genfromtxt(r'C:\\Users\\rgollapudi\\Documents\\python\\sep3\\test.csv', delimiter=\",\")\n",
    "\n",
    "max_value = np.amax(a, axis=1)\n",
    "\n",
    "print(max_value)\n"
   ]
  },
  {
   "cell_type": "code",
   "execution_count": 11,
   "id": "0f4c78b1",
   "metadata": {},
   "outputs": [
    {
     "name": "stdout",
     "output_type": "stream",
     "text": [
      "[nan nan nan nan nan nan nan nan nan nan]\n"
     ]
    }
   ],
   "source": [
    "import numpy as np\n",
    "\n",
    "a = np.genfromtxt(r'C:\\Users\\rgollapudi\\Documents\\python\\sep3\\test.csv', delimiter=',')\n",
    "\n",
    "max_value = np.amax(a, axis = 0)\n",
    "\n",
    "print(max_value)\n",
    "\n"
   ]
  },
  {
   "cell_type": "code",
   "execution_count": null,
   "id": "3ddc38cc",
   "metadata": {},
   "outputs": [],
   "source": []
  }
 ],
 "metadata": {
  "kernelspec": {
   "display_name": "Python 3 (ipykernel)",
   "language": "python",
   "name": "python3"
  },
  "language_info": {
   "codemirror_mode": {
    "name": "ipython",
    "version": 3
   },
   "file_extension": ".py",
   "mimetype": "text/x-python",
   "name": "python",
   "nbconvert_exporter": "python",
   "pygments_lexer": "ipython3",
   "version": "3.10.4"
  }
 },
 "nbformat": 4,
 "nbformat_minor": 5
}
